75
75.7
75.8
76
75.6
75.6
76.5
76.5
77
77.5
75.3
75.6
76.7
78.7
78.5
77
76.8
76.2
76.5
77.4
77.4
77.5
78
76.9
76.6
77.3
78.5
78.5
80
80
80
79.7
78.1
79.1
81.1
80.1
80
79.3
78.9
79.5
79.1
79.7
80
80
81.3
83.2
83.2
81.1
83.7
83.2
84.9
85.2
85.4
83.6
85.8
85.5
84.1
84.9
85.1
85
83.1
83.8
83
82
82.4
82.6
84.9
84.9
83.8
85
85.8
84.3
84.3
84.6
84.2
84
86
86.8
88.4
88.9
87.6
85.6
84.4
84.6
85.3
85.5
85.4
85.5
83.4
85.1
81.8
82.5
82.2
79.1
80.6
80
81.6
82.3
81.7
85.1
79.9
76.5
78.2
77.8
79.8
77.9
80.4
79.4
80
79.2
78.1
80.8
80.5
81.6
80.6
80.1
79.6
78.7
79.3
79.9
81.3
83.3
84.2
81.2
81
80.9
80
79.1
78.1
75.7
75.8
75.5
74.8
74.8
77.5
76.7
74.3
74.8
74.6
76.3
79.3
79
81
80
79.8
80.9
81.4
80.5
82.3
82
82.7
83.2
83
82.9
82
82.4
83.6
82.4
82.7
82
83
82.4
82.7
82.7
83.3
83.9
84
82
81.1
83.8
83.5
84.4
84.5
85
86.5
86.5
85.7
86
85.3
85.7
86.1
85.9
86.4
87.6
89.8
88.9
89.6
89.8
90.6
91
89.1
87.1
85.5
86.3
86.4
87.5
87.4
88.1
86.7
86
85.7
85.4
84.8
87.3
88.1
88
88.7
89.2
89.9
90.3
90.4
91
90.5
90.8
91.3
90.3
90.5
90.2
90.2
90
90.4
90.5
91.3
95.5
95.3
96.3
95.9
96.5
98.7
97.9
96.6
96.9
96.6
98.1
96.5
98.3
98.4
99.2
98.4
97
96.7
97.3
96
94.8
95.7
95.2
96.5
96
95.6
97
99.6
101
101.5
100.5
99.7
100
101
101
102
100.5
99.2
99.3
101.5
100.5
101
101
99.9
99
99.3
101
101.5
101.5
101.5
103
103
105
107
107
109
107
105.5
107
105
103.5
104.5
105
102
104
104
103
103.5
102
102.5
104.5
104
103
100.5
100
98.8
98.7
98
99.5
99
100.5
100
100.5
101
100.5
100.5
98.5
97.5
98.3
101.5
100.5
99.4
100.5
100
99.9
106.5
108.5
106
106
107
108.5
108
109.5
110.5
110
111.5
112.5
114.5
115
114.5
114.5
115.5
115
113.5
113.5
114
112.5
112
108
109.5
112
109.5
111
110
109.5
107.5
109
109.5
107.5
108.5
108.5
108
104.5
106
106
106.5
105.5
104
103.5
101
101
101.5
104.5
111
108
110
107
107
109
105
106
106
109.5
110
109.5
108
109
105.5
98.2
97
100
102
102.5
102.5
100
102
102.5
100.5
100.5
100.5
98.8
97
96.4
96.4
96
97.2
96.8
96
96.5
95.5
94.4
94.5
97
96.8
95.6
96.8
98.7
100.5
102
102
100.5
101.5
102
103
104.5
104.5
103.5
102.5
102.5
105.5
105.5
103
105.5
105
103
101.5
103
100.5
101.5
103
105
104
103
105
105
106.5
105
107
106
107
110
110
111.5
111
110
107
109.5
109.5
110
109.5
109.5
109
106.5
107
107
106
104.5
105
103
103.5
104
104
105
103
101
100
101
103.5
105
105
105
104.5
104
105
104
103
105
104
105
103
102.5
102
103.5
101
102.5
102
104
103
103
104
104.5
106
105.5
104.5
102.5
102.5
102
104
101
102
103
103.5
105
107
107.5
107.5
106.5
107.5
107.5
108
105
100.5
102
104
103
104.5
105
105
107.5
108.5
108
108
106.5
107.5
107
108
107.5
108
108
107.5
110
113
114.5
113
114
113
116.5
115
114
114.5
114.5
112
112.5
112.5
113.5
115.5
116
117.5
118.5
119.5
120
118.5
117.5
119
119
119.5
120
120.5
122.5
121
120
123
121.5
121.5
121
121
118.5
119
120.5
118.5
118
117
118
118.5
119.5
120
118.5
120.5
122
122
122
121
121
120.5
122
122
123
123.5
124
122
119.5
122.5
123.5
123
122.5
123
124.5
125
123.5
123
124
125
125.5
126
124.5
123
123
123.5
124.5
125.5
126.5
128
132.5
134.5
135
136
134.5
134
134.5
136.5
132.5
133
130.5
124.5
123.5
123.5
124.5
125
123
121.5
124
124.5
121
120
123.5
119.5
120.5
121.5
120.5
120.5
121.5
122.5
124
124
123
124
125.5
124.5
125.5
125
124.5
125.5
125
124
128.5
126
128
127.5
127
127
125
125
123
123.5
122.5
124.5
125
125
122
122.5
123
122
121
120.5
120
121.5
121
124.5
126
125
122.5
125
120.5
121
121.5
121.5
123.5
126
125
129
127.5
125.5
128
128
129
128.5
130.5
131
132
132
132
131
134.5
134
132
134
135
133
131.5
136
139
138.5
138.5
139
139
140
141.5
140
137.5
138
139
137.5
138
138
136
134.5
135
136
133
130.5
131.5
138
138.5
137.5
138
137.5
139
138.5
141
140
141
139.5
133.5
134
138
134
132
132.5
130
131.5
137
139
138
141
140
145
145
147
146.5
143.5
141
142.5
144.5
146
145.5
143
142
142.5
148
148.5
148.5
151
154.5
150.5
149
150.5
150.5
150
149
145.5
144
146
148
149
146
149
153.5
154
154
153.5
151.5
151
145.5
142.5
142.5
145.5
144
147
146
143
143
147
147
144
143
147
142.5
143
142.5
143.5
147
152.5
151.5
151.5
148.5
147
147.5
147
147.5
146.5
146.5
148.5
147.5
148
146
146.5
146.5
146.5
146.5
145.5
145.5
147.5
146.5
145
147
146
145
144
143
141
140
138.5
139
139.5
143.5
144.5
143
142
142.5
142
142
144.5
145
146.5
146
138.5
140.5
141
141.5
142.5
140.5
140.5
138
136.5
138.5
138.5
138.5
136.5
140
139
140.5
139
136
137
134
134
135.5
138.5
139.5
134.5
136.5
134
134
133
129
130.5
128.5
128
126
124
126
125
126
121
115
123.5
122.5
124
125
129
124
125.5
127
125
122.5
123
129
125
127.5
127.5
126
129.5
131
131.5
129.5
129
124.5
127
127
130
133.5
132
132.5
133
135
136
138.5
137.5
136.5
140
137.5
138
139
138.5
137.5
140
140
139
138
136.5
136.5
137.5
139.5
144.5
142.5
140
142
139.5
137.5
138.5
136
135
138.5
137
140.5
141
141
139.5
141
142.5
139
139
142.5
142.5
142.5
140.5
143.5
142.5
140.5
141
139.5
139
138
143.5
145
142
141.5
142
141.5
142
143
143.5
142
142.5
143
139.5
138
135.5
133
134
133
133
133.5
131.5
137
137
138
134.5
135
138.5
139.5
137.5
139.5
140
143
142
144
142.5
146
145
147.5
148
151
151
151
149.5
148
150.5
149
152
153
154
152.5
152
152
153
154.5
155
156
154.5
156
158.5
159.5
160
158.5
159.5
158.5
158
159
159
161.5
162
158.5
153.5
154.5
157.5
158.5
158.5
161.5
161.5
159.5
158
157.5
154
157
156.5
157.5
158
156.5
153
150
147.5
147
147.5
148
147.5
147
147
146
144
144.5
147
147
147
148.5
154
151
154.5
155
156.5
157
156.5
159
159
160.5
160
161
162
165.5
162
162
163
160.5
163
163
165.5
166
164
159
155.5
157
159
162.5
166
166
164
161.5
164.5
170
171
168.5
169
169.5
169.5
170.5
170
172
171
171.5
173
175
176.5
172.5
177
176
172.5
174.5
177
178
178.5
179.5
176.5
177.5
179
175.5
177
176
174.5
173
174
173.5
177
177
176.5
174.5
176
173.5
174.5
176.5
179
184
183
179.5
178
175
175
173.5
182.5
183
184
185.5
187.5
183
185.5
182.5
186
187
186
187.5
188
187.5
189.5
188.5
188
186.5
187
189.5
190.5
188.5
191
193
{ kd: [], macd: [], rsi: [], ma: [], db: [] }
