20150204 9,526.000 9,521.000
20150302 9,658.000 9,631.000
20150404 目前尚未有資料
20150526 9,613.000 9,659.000
20150612 9,272.000 9,267.000
20150208 目前尚未有資料
20150407 目前尚未有資料
20150702 9,300.000 9,277.000
20150619 目前尚未有資料
20150629 9,195.000 9,138.000
20150427 9,958.000 10,019.000
20150716 8,935.000 8,918.000
20150708 9,205.000 8,943.000
20150630 9,146.000 9,212.000
20150531 目前尚未有資料
20150524 目前尚未有資料
20150707 9,260.000 9,243.000
20150515 9,635.000 9,575.000
20150610 9,256.000 9,284.000
20150125 目前尚未有資料
20150301 目前尚未有資料
20150517 目前尚未有資料
20150509 目前尚未有資料
20150512 9,707.000 9,706.000
20150215 目前尚未有資料
20150226 9,691.000 9,649.000
20150401 9,540.000 9,507.000
20150607 目前尚未有資料
20150713 8,935.000 8,994.000
20150305 9,622.000 9,589.000
20150107 9,042.000 9,045.000
20150602 9,586.000 9,607.000
20150502 目前尚未有資料
20150423 9,656.000 9,838.000
20150413 9,673.000 9,658.000
20150103 目前尚未有資料
20150419 目前尚未有資料
20150308 目前尚未有資料
20150101 目前尚未有資料
20150624 9,215.000 9,247.000
20150520 9,704.000 9,668.000
20150409 9,579.000 9,571.000
20150405 目前尚未有資料
20150110 目前尚未有資料
20150505 9,866.000 9,849.000
20150309 9,580.000 9,576.000
20150425 目前尚未有資料
20150307 目前尚未有資料
20150608 9,312.000 9,348.000
20150617 9,045.000 9,054.000
20150418 目前尚未有資料
20150606 目前尚未有資料
20150203 9,434.000 9,464.000
20150711 目前尚未有資料
20150525 9,603.000 9,630.000
20150416 9,561.000 9,647.000
20150219 目前尚未有資料
20150605 9,324.000 9,308.000
20150604 9,531.000 9,310.000
20150313 9,616.000 9,598.000
20150417 9,619.000 9,584.000
20150221 目前尚未有資料
20150530 目前尚未有資料
20150322 目前尚未有資料
20150627 目前尚未有資料
20150511 9,800.000 9,723.000
20150406 目前尚未有資料
20150228 目前尚未有資料
20150412 目前尚未有資料
20150127 9,522.000 9,523.000
20150222 目前尚未有資料
20150114 9,235.000 9,171.000
20150207 目前尚未有資料
20150213 9,510.000 9,514.000
20150123 9,455.000 9,461.000
20150503 目前尚未有資料
20150206 9,536.000 9,469.000
20150115 9,187.000 9,195.000
20150106 9,144.000 9,058.000
20150121 9,282.000 9,308.000
20150211 9,462.000 9,480.000
20150214 目前尚未有資料
20150128 9,478.000 9,526.000
20150118 目前尚未有資料
20150102 目前尚未有資料
20150111 目前尚未有資料
20150201 目前尚未有資料
20150220 目前尚未有資料
20150113 9,194.000 9,249.000
20150710 目前尚未有資料
20150116 9,175.000 9,115.000
20150316 9,585.000 9,546.000
20150105 9,238.000 9,250.000
20150227 目前尚未有資料
20150130 9,460.000 9,400.000
20150209 9,439.000 9,450.000
20150131 目前尚未有資料
20150108 9,116.000 9,257.000
20150120 9,220.000 9,268.000
20150430 9,902.000 9,874.000
20150225 9,694.000 9,684.000
20150304 9,580.000 9,622.000
20150126 9,448.000 9,467.000
20150112 9,190.000 9,186.000
20150421 9,585.000 9,556.000
20150218 目前尚未有資料
20150124 目前尚未有資料
20150601 9,668.000 9,630.000
20150501 目前尚未有資料
20150212 9,499.000 9,481.000
20150408 9,633.000 9,570.000
20150202 9,389.000 9,419.000
20150420 9,530.000 9,561.000
20150414 9,641.000 9,645.000
20150117 目前尚未有資料
20150411 目前尚未有資料
20150104 目前尚未有資料
20150314 目前尚未有資料
20150217 目前尚未有資料
20150715 9,040.000 9,030.000
20150119 9,211.000 9,181.000
20150521 9,645.000 9,541.000
20150122 9,360.000 9,388.000
20150328 目前尚未有資料
20150323 9,761.000 9,749.000
20150109 9,328.000 9,230.000
20150507 9,786.000 9,753.000
20150306 9,591.000 9,638.000
20150312 9,529.000 9,607.000
20150718 目前尚未有資料
20150410 9,628.000 9,631.000
20150327 9,609.000 9,541.000
20150620 目前尚未有資料
20150331 9,600.000 9,582.000
20150223 目前尚未有資料
20150317 9,580.000 9,554.000
20150402 9,538.000 9,615.000
20150508 9,769.000 9,720.000
20150129 9,497.000 9,428.000
20150616 9,244.000 9,215.000
20150424 9,880.000 9,920.000
20150626 9,348.000 9,321.000
20150705 目前尚未有資料
20150318 9,558.000 9,633.000
20150210 9,468.000 9,432.000
20150622 9,108.000 9,181.000
20150615 9,272.000 9,244.000
20150529 9,741.000 9,703.000
20150429 9,978.000 9,909.000
20150205 9,521.000 9,514.000
20150603 9,640.000 9,547.000
20150528 9,711.000 9,730.000
20150625 9,268.000 9,340.000
20150611 9,328.000 9,288.000
20150821 7,858.000 7,746.000
20150804 8,487.000 8,465.000
20150303 9,645.000 9,614.000
20150819 8,178.000 8,002.000
20150726 目前尚未有資料
20150913 目前尚未有資料
20150923 8,234.000 8,140.000
20150907 7,850.000 7,931.000
20150927 目前尚未有資料
20151106 8,850.000 8,689.000
20150903 7,961.000 7,977.000
20150803 8,546.000 8,452.000
20150904 7,931.000 7,890.000
20151004 目前尚未有資料
20151202 8,433.000 8,452.000
20151211 8,200.000 8,071.000
20151226 目前尚未有資料
20151223 8,301.000 8,290.000
20150516 目前尚未有資料
20150827 7,656.000 7,680.000
20150816 目前尚未有資料
20150330 9,511.000 9,552.000
20150802 目前尚未有資料
20150724 8,720.000 8,684.000
20150808 目前尚未有資料
20151125 8,412.000 8,388.000
20150518 9,612.000 9,598.000
20150706 9,235.000 9,197.000
20150319 9,734.000 9,766.000
20150513 9,712.000 9,739.000
20150902 7,768.000 7,943.000
20150315 目前尚未有資料
20150216 目前尚未有資料
20151207 8,495.000 8,468.000
20151001 8,174.000 8,308.000
20150730 8,520.000 8,610.000
20151224 8,346.000 8,317.000
20150806 8,541.000 8,390.000
20150621 目前尚未有資料
20151112 8,404.000 8,461.000
20151220 目前尚未有資料
20150723 8,778.000 8,755.000
20151020 8,644.000 8,659.000
20150830 目前尚未有資料
20150814 8,262.000 8,325.000
20150224 9,603.000 9,649.000
20150504 9,897.000 9,886.000
20150817 8,321.000 8,239.000
20150415 9,626.000 9,519.000
20150731 8,593.000 8,570.000
20150809 目前尚未有資料
20151024 目前尚未有資料
20151011 目前尚未有資料
20150910 8,226.000 8,262.000
20151222 8,257.000 8,277.000
20151030 8,560.000 8,568.000
20151105 8,879.000 8,870.000
20151028 8,685.000 8,638.000
20150820 7,949.000 7,976.000
20150928 目前尚未有資料
20150831 7,831.000 7,970.000
20151116 8,245.000 8,290.000
20151027 8,722.000 8,691.000
20150930 8,015.000 8,135.000
20150924 8,188.000 8,091.000
20151018 目前尚未有資料
20151205 目前尚未有資料
20150403 目前尚未有資料
20150609 9,303.000 9,237.000
20150324 9,728.000 9,721.000
20150321 目前尚未有資料
20150326 9,580.000 9,609.000
20150311 9,466.000 9,519.000
20150514 9,737.000 9,604.000
20150519 9,616.000 9,702.000
20150422 9,561.000 9,613.000
20150805 8,504.000 8,523.000
20150428 10,022.000 9,990.000
20150614 目前尚未有資料
20150506 9,802.000 9,847.000
20150320 9,742.000 9,757.000
20150325 9,721.000 9,689.000
20151017 目前尚未有資料
20150717 8,906.000 8,912.000
20151109 8,677.000 8,631.000
20150522 9,562.000 9,626.000
20150329 目前尚未有資料
20151019 8,627.000 8,624.000
20150719 目前尚未有資料
20150810 8,405.000 8,445.000
20150728 8,500.000 8,541.000
20150722 8,882.000 8,815.000
20151229 8,321.000 8,287.000
20151225 8,335.000 8,376.000
20151231 8,240.000 8,272.000
20150921 8,328.000 8,270.000
20150720 8,970.000 8,851.000
20151227 目前尚未有資料
20150426 目前尚未有資料
20151006 8,431.000 8,368.000
20150807 8,360.000 8,389.000
20150727 8,637.000 8,522.000
20151203 8,388.000 8,476.000
20150523 目前尚未有資料
20150818 8,241.000 8,171.000
20150826 7,525.000 7,607.000
20150811 8,505.000 8,360.000
20150721 8,887.000 8,936.000
20150815 目前尚未有資料
20150801 目前尚未有資料
20151101 目前尚未有資料
20151201 8,360.000 8,456.000
20150527 9,607.000 9,661.000
20151119 8,371.000 8,447.000
20151110 8,581.000 8,532.000
20150829 目前尚未有資料
20150906 目前尚未有資料
20150908 7,930.000 7,976.000
20150812 8,365.000 8,299.000
20150623 9,221.000 9,231.000
20151002 8,283.000 8,279.000
20150703 9,258.000 9,304.000
20150628 目前尚未有資料
20151023 8,742.000 8,692.000
20151108 目前尚未有資料
20151120 8,430.000 8,444.000
20151218 8,248.000 8,231.000
20151012 8,494.000 8,552.000
20151123 8,488.000 8,479.000
20150729 8,533.000 8,484.000
20151008 8,534.000 8,441.000
20150901 7,901.000 7,834.000
20150823 目前尚未有資料
20151021 8,690.000 8,617.000
20150911 8,221.000 8,263.000
20150704 目前尚未有資料
20150725 目前尚未有資料
20151010 目前尚未有資料
20151107 目前尚未有資料
20151121 目前尚未有資料
20151007 8,377.000 8,489.000
20151026 8,730.000 8,736.000
20150824 7,609.000 7,340.000
20151111 8,507.000 8,380.000
20151114 目前尚未有資料
20150712 目前尚未有資料
20150822 目前尚未有資料
20151022 8,588.000 8,595.000
20151003 目前尚未有資料
20150918 8,418.000 8,437.000
20150909 8,114.000 8,332.000
20150813 8,348.000 8,307.000
20151015 8,565.000 8,608.000
20151102 8,535.000 8,583.000
20150828 7,812.000 7,876.000
20151104 8,765.000 8,882.000
20151009 目前尚未有資料
20151103 8,665.000 8,721.000
20150914 8,319.000 8,273.000
20150922 8,295.000 8,330.000
20151113 8,380.000 8,358.000
20150915 8,300.000 8,237.000
20150825 7,400.000 7,577.000
20151206 目前尚未有資料
20151025 目前尚未有資料
20151115 目前尚未有資料
20150613 目前尚未有資料
20151005 8,358.000 8,335.000
20150510 目前尚未有資料
20151126 8,412.000 8,502.000
20151214 7,976.000 8,058.000
20150929 目前尚未有資料
20151127 8,520.000 8,393.000
20151204 8,361.000 8,397.000
20151216 8,180.000 8,198.000
20151230 8,313.000 8,260.000
20151117 8,370.000 8,440.000
20151208 8,438.000 8,334.000
20151130 8,311.000 8,299.000
20151215 8,077.000 8,066.000
20151014 8,521.000 8,519.000
20151212 目前尚未有資料
20151118 8,440.000 8,336.000
20151128 目前尚未有資料
20151129 目前尚未有資料
20151209 8,311.000 8,221.000
20151219 目前尚未有資料
20150310 9,574.000 9,528.000
20151122 目前尚未有資料
20150925 8,142.000 8,120.000
20151124 8,461.000 8,399.000
20151221 8,173.000 8,280.000
20151217 8,202.000 8,281.000
20151210 8,182.000 8,188.000
20150905 目前尚未有資料
20151228 8,370.000 8,356.000
20151213 目前尚未有資料
20151013 8,554.000 8,553.000
20150912 目前尚未有資料
20150916 8,310.000 8,318.000
20150920 目前尚未有資料
20151029 8,681.000 8,550.000
20150714 9,040.000 8,984.000
20150709 8,801.000 8,873.000
20150618 9,044.000 9,049.000
20150701 9,185.000 9,294.000
20150917 8,368.000 8,437.000
20150926 目前尚未有資料
20151031 目前尚未有資料
20150919 目前尚未有資料
20151016 8,588.000 8,607.000
